image: map_rrc_dry_run.pgm
resolution: 0.050000
origin: [-5.250000, -11.050000, 0.000000]
negate: 0
occupied_thresh: 0.65
free_thresh: 0.196
