image: map_rrc.pgm
resolution: 0.050000
origin: [-18.152417, -5.293935, 0.000000]
negate: 0
occupied_thresh: 0.65
free_thresh: 0.196

