image: mymap.pgm
resolution: 0.050000
origin: [-17.651207, -7.399881, 0.000000]
negate: 0
occupied_thresh: 0.65
free_thresh: 0.196

